[gd_scene load_steps=4 format=3]

[ext_resource type="Script" path="res://src/dreams/module_path.gd" id="1_gai84"]
[ext_resource type="PackedScene" uid="uid://5nnskix6m38f" path="res://src/dreams/models/cube.glb" id="2_fv6tu"]

[sub_resource type="Curve3D" id="Curve3D_dhx35"]
_data = {
"points": PackedVector3Array(0, 0, 0, 0, 0, 0, 0, 0, 0, 0, 0, 0, 0, 0, 0, 0, 0, -20),
"tilts": PackedFloat32Array(0, 0)
}
point_count = 2

[node name="Blender End" type="Node3D"]
script = ExtResource("1_gai84")

[node name="Path3D" type="Path3D" parent="."]
curve = SubResource("Curve3D_dhx35")

[node name="Cubes" type="Node3D" parent="."]

[node name="cube" parent="Cubes" instance=ExtResource("2_fv6tu")]
transform = Transform3D(0.976575, -0.0054555, 0.215111, 0.00563334, 0.999984, -0.000213653, -0.215106, 0.00142044, 0.97659, 0.10037, -2.08227, -0.893427)

[node name="cube14" parent="Cubes" instance=ExtResource("2_fv6tu")]
transform = Transform3D(0.78876, 0.202022, 0.580555, -0.19291, 0.97809, -0.0782635, -0.583646, -0.0502639, 0.810451, -2.08781, -2.57417, -1.83756)

[node name="cube23" parent="Cubes" instance=ExtResource("2_fv6tu")]
transform = Transform3D(0.811696, -0.0637687, 0.580588, 0.0224987, 0.996698, 0.0780173, -0.583646, -0.0502639, 0.810451, 3.7413, -0.459321, -1.14366)

[node name="cube2" parent="Cubes" instance=ExtResource("2_fv6tu")]
transform = Transform3D(0.897674, -0.0957084, 0.43014, 0.0861926, 0.99541, 0.0416054, -0.432148, -0.000273196, 0.901803, 2.27006, -0.226944, -17.7314)

[node name="cube3" parent="Cubes" instance=ExtResource("2_fv6tu")]
transform = Transform3D(0.981621, 0.0051669, -0.190771, -0.00885688, 0.99979, -0.0184948, 0.190635, 0.0198446, 0.98146, -0.659383, -2.08227, -4.28239)

[node name="cube15" parent="Cubes" instance=ExtResource("2_fv6tu")]
transform = Transform3D(0.944094, -0.0619536, 0.323802, 0.0873321, 0.994093, -0.0644287, -0.317897, 0.089105, 0.943929, 0.759429, -2.41328, -4.47672)

[node name="cube16" parent="Cubes" instance=ExtResource("2_fv6tu")]
transform = Transform3D(0.946823, 0.0660138, 0.314911, -0.0448974, 0.996258, -0.0738523, -0.318608, 0.0557864, 0.946244, -2.08192, -2.41328, -4.93032)

[node name="cube4" parent="Cubes" instance=ExtResource("2_fv6tu")]
transform = Transform3D(0.998915, 0.0453043, 0.0107402, -0.045671, 0.998279, 0.0367903, -0.009055, -0.0372409, 0.999265, 0.0495389, -2.11442, -6.05434)

[node name="cube11" parent="Cubes" instance=ExtResource("2_fv6tu")]
transform = Transform3D(0.993897, -0.110052, 0.00760512, 0.109428, 0.992285, 0.0582764, -0.0139599, -0.0570885, 0.998271, -2.05825, -0.83721, -8.1411)

[node name="cube12" parent="Cubes" instance=ExtResource("2_fv6tu")]
transform = Transform3D(0.980307, -0.128991, -0.149528, 0.0716331, 0.937892, -0.339451, 0.184027, 0.322055, 0.928663, -3.9334, -0.83721, -3.991)

[node name="cube13" parent="Cubes" instance=ExtResource("2_fv6tu")]
transform = Transform3D(0.968345, 0.211767, -0.132151, -0.209647, 0.97732, 0.0299118, 0.135488, -0.00125996, 0.990778, 4.95999, 0.218496, -6.39756)

[node name="cube18" parent="Cubes" instance=ExtResource("2_fv6tu")]
transform = Transform3D(0.982216, -0.0967187, -0.160928, 0.0873322, 0.994093, -0.0644287, 0.166208, 0.0492287, 0.984861, 3.13618, -1.0048, -11.036)

[node name="cube19" parent="Cubes" instance=ExtResource("2_fv6tu")]
transform = Transform3D(0.974742, 0.0598775, 0.21516, -0.0448974, 0.996258, -0.0738523, -0.218777, 0.0623267, 0.973782, -1.92776, -1.17975, -12.3676)

[node name="cube22" parent="Cubes" instance=ExtResource("2_fv6tu")]
transform = Transform3D(0.879545, -0.179367, -0.440712, 0.187979, 0.981869, -0.0244573, 0.437109, -0.0613335, 0.897315, -4.45564, 0.218495, -16.2508)

[node name="cube8" parent="Cubes" instance=ExtResource("2_fv6tu")]
transform = Transform3D(0.876702, 0.0194393, -0.480641, -0.0146118, 0.999798, 0.0137839, 0.480812, -0.00506138, 0.876809, 0.722553, -2.0323, -9.31293)
