[gd_scene load_steps=18 format=3 uid="uid://cbf4y3ahgft0q"]

[ext_resource type="Script" path="res://src/dreams/chunk.gd" id="1_bo5an"]
[ext_resource type="Script" path="res://src/dreams/module_path.gd" id="2_yfflv"]
[ext_resource type="Script" path="res://src/quicktimes/quick_decision.gd" id="3_6siak"]
[ext_resource type="Material" uid="uid://c3vmresntqb15" path="res://src/dreams/models/materials/blender_default.tres" id="3_76l0q"]
[ext_resource type="PackedScene" uid="uid://5nnskix6m38f" path="res://src/dreams/models/cube.glb" id="4_oluus"]
[ext_resource type="Texture2D" uid="uid://0xjxboi1nyup" path="res://src/quicktimes/images/key_a.png" id="4_ypt7w"]
[ext_resource type="Script" path="res://src/quicktimes/action.gd" id="5_v37qh"]
[ext_resource type="Texture2D" uid="uid://cvssn2bcr151w" path="res://src/quicktimes/images/key_d.png" id="6_dbyxy"]

[sub_resource type="Curve3D" id="Curve3D_fl01m"]
_data = {
"points": PackedVector3Array(0, 0, 6, 0, 0, -6, 0, 0, 0, -4, 0, 4, 4, 0, -4, 5, 0, -13),
"tilts": PackedFloat32Array(0, 0)
}
point_count = 2

[sub_resource type="InputEventKey" id="InputEventKey_2a5ax"]
device = -1
keycode = 65
unicode = 97

[sub_resource type="Resource" id="Resource_48r01"]
script = ExtResource("5_v37qh")
mode = 1
increase = 1.0
decrease = 0.0
direction = 3
indicator = ExtResource("4_ypt7w")
event = SubResource("InputEventKey_2a5ax")

[sub_resource type="InputEventKey" id="InputEventKey_x41o3"]
device = -1
keycode = 68
unicode = 100

[sub_resource type="Resource" id="Resource_k7pgd"]
script = ExtResource("5_v37qh")
mode = 1
increase = 1.0
decrease = 0.0
direction = 1
indicator = ExtResource("6_dbyxy")
event = SubResource("InputEventKey_x41o3")

[sub_resource type="SphereShape3D" id="SphereShape3D_1uj7w"]

[sub_resource type="Curve3D" id="Curve3D_eyukm"]
_data = {
"points": PackedVector3Array(-4, 0, 4, 4, 0, -4, 5, 0, -13, 9, 0, 0, -9, 0, 0, -1, 0, -24, 8, 0, 0, -8, 0, 0, -19, 0, -21),
"tilts": PackedFloat32Array(0, 0, 0)
}
point_count = 3

[sub_resource type="Curve3D" id="Curve3D_drgc2"]
_data = {
"points": PackedVector3Array(-8, 0, 8, 8, 0, -8, 5, 0, -13, -9, 0, 0, 9, 0, 0, 26, 0, -10),
"tilts": PackedFloat32Array(0, 0)
}
point_count = 2

[sub_resource type="BoxMesh" id="BoxMesh_do03q"]
size = Vector3(3, 0.5, 7)

[node name="Split Left Right" type="Node3D" node_paths=PackedStringArray("first_module", "exit_left", "exit_right")]
script = ExtResource("1_bo5an")
first_module = NodePath("First")
exit_left = NodePath("Left")
exit_right = NodePath("Right")

[node name="First" type="Node3D" parent="."]
script = ExtResource("2_yfflv")
next_module = NodePath("../Left")

[node name="Path3D" type="Path3D" parent="First"]
curve = SubResource("Curve3D_fl01m")

[node name="QuickDecision" type="Area3D" parent="." node_paths=PackedStringArray("payload_a", "payload_b")]
transform = Transform3D(1, 0, 0, 0, 1, 0, 0, 0, 1, 5, 1, -13)
script = ExtResource("3_6siak")
action_a = SubResource("Resource_48r01")
action_b = SubResource("Resource_k7pgd")
payload_a = NodePath("../Left")
payload_b = NodePath("../Right")

[node name="CollisionShape3D" type="CollisionShape3D" parent="QuickDecision"]
transform = Transform3D(1, 0, 0, 0, 1, 0, 0, 0, 1, -4.13533, -1, 6.02389)
shape = SubResource("SphereShape3D_1uj7w")

[node name="Left" type="Node3D" parent="."]
script = ExtResource("2_yfflv")

[node name="Path3D" type="Path3D" parent="Left"]
curve = SubResource("Curve3D_eyukm")

[node name="Right" type="Node3D" parent="."]
script = ExtResource("2_yfflv")

[node name="Path3D" type="Path3D" parent="Right"]
curve = SubResource("Curve3D_drgc2")

[node name="Static" type="Node3D" parent="."]

[node name="MeshInstance3D" type="MeshInstance3D" parent="Static"]
transform = Transform3D(1, 0, 0, 0, 1, 0, 0, 0, 1, 1, -0.25, -3.5)
material_override = ExtResource("3_76l0q")
mesh = SubResource("BoxMesh_do03q")
skeleton = NodePath("../..")

[node name="MeshInstance3D2" type="MeshInstance3D" parent="Static"]
transform = Transform3D(0.725567, 0, -0.688152, 0, 1, 0, 0.688152, 0, 0.725567, 4.76731, -0.25, -12.9333)
material_override = ExtResource("3_76l0q")
mesh = SubResource("BoxMesh_do03q")
skeleton = NodePath("../..")

[node name="MeshInstance3D3" type="MeshInstance3D" parent="Static"]
transform = Transform3D(-0.207758, 0, -0.97818, 0, 1, 0, 0.97818, 0, -0.207758, 2.67272, -0.25, -23.4128)
material_override = ExtResource("3_76l0q")
mesh = SubResource("BoxMesh_do03q")
skeleton = NodePath("../..")

[node name="MeshInstance3D4" type="MeshInstance3D" parent="Static"]
transform = Transform3D(-0.495883, 0, -0.868389, 0, 1, 0, 0.868389, 0, -0.495883, 14.5222, -0.25, -14.4493)
material_override = ExtResource("3_76l0q")
mesh = SubResource("BoxMesh_do03q")
skeleton = NodePath("../..")

[node name="MeshInstance3D5" type="MeshInstance3D" parent="Static"]
transform = Transform3D(0.166321, 0, -0.986072, 0, 1, 0, 0.986072, 0, 0.166321, -15.4837, -0.25, -21.549)
material_override = ExtResource("3_76l0q")
mesh = SubResource("BoxMesh_do03q")
skeleton = NodePath("../..")

[node name="Cubes" type="Node3D" parent="Static"]
transform = Transform3D(-0.315682, 0, 0.948865, 0, 1, 0, -0.948865, 0, -0.315682, 1.26737, 0, -26.0631)

[node name="cube" parent="Static/Cubes" instance=ExtResource("4_oluus")]
transform = Transform3D(0.976575, -0.0054555, 0.215111, 0.00563334, 0.999984, -0.000213653, -0.215106, 0.00142044, 0.97659, 0.10037, -2, -0.893427)

[node name="cube14" parent="Static/Cubes" instance=ExtResource("4_oluus")]
transform = Transform3D(0.78876, 0.202022, 0.580555, -0.19291, 0.97809, -0.0782635, -0.583646, -0.0502639, 0.810451, -2.08781, -2.57417, -1.83756)

[node name="cube23" parent="Static/Cubes" instance=ExtResource("4_oluus")]
transform = Transform3D(0.811696, -0.0637687, 0.580588, 0.0224987, 0.996698, 0.0780173, -0.583646, -0.0502639, 0.810451, 3.7413, -0.459321, -1.14366)

[node name="cube2" parent="Static/Cubes" instance=ExtResource("4_oluus")]
transform = Transform3D(0.897674, -0.0957084, 0.43014, 0.0861926, 0.99541, 0.0416054, -0.432148, -0.000273196, 0.901803, 0.0750344, -2.68644, -17.7314)

[node name="cube3" parent="Static/Cubes" instance=ExtResource("4_oluus")]
transform = Transform3D(0.981621, 0.0051669, -0.190771, -0.00885688, 0.99979, -0.0184948, 0.190635, 0.0198446, 0.98146, -0.659383, -2, -4.28239)

[node name="cube15" parent="Static/Cubes" instance=ExtResource("4_oluus")]
transform = Transform3D(0.944094, -0.0619536, 0.323802, 0.0873321, 0.994093, -0.0644287, -0.317897, 0.089105, 0.943929, 0.759429, -2.22985, -4.47672)

[node name="cube16" parent="Static/Cubes" instance=ExtResource("4_oluus")]
transform = Transform3D(0.946823, 0.0660138, 0.314911, -0.0448974, 0.996258, -0.0738523, -0.318608, 0.0557864, 0.946244, -2.08192, -2.22985, -4.93032)

[node name="cube4" parent="Static/Cubes" instance=ExtResource("4_oluus")]
transform = Transform3D(0.998915, 0.0453043, 0.0107402, -0.045671, 0.998279, 0.0367903, -0.009055, -0.0372409, 0.999265, 0.0495389, -2.03215, -6.05434)

[node name="cube10" parent="Static/Cubes" instance=ExtResource("4_oluus")]
transform = Transform3D(0.993897, -0.110052, 0.00760512, 0.109428, 0.992285, 0.0582764, -0.0139599, -0.0570885, 0.998271, 1.90465, -1.67146, -6.53735)

[node name="cube11" parent="Static/Cubes" instance=ExtResource("4_oluus")]
transform = Transform3D(0.993897, -0.110052, 0.00760512, 0.109428, 0.992285, 0.0582764, -0.0139599, -0.0570885, 0.998271, -2.05825, -2.03215, -8.1411)

[node name="cube12" parent="Static/Cubes" instance=ExtResource("4_oluus")]
transform = Transform3D(0.980307, -0.128991, -0.149528, 0.0716331, 0.937892, -0.339451, 0.184027, 0.322055, 0.928663, -3.9334, -0.83721, -3.991)

[node name="cube13" parent="Static/Cubes" instance=ExtResource("4_oluus")]
transform = Transform3D(0.968345, 0.211767, -0.132151, -0.209647, 0.97732, 0.0299118, 0.135488, -0.00125996, 0.990778, 4.95999, 0.218496, -6.39756)

[node name="cube17" parent="Static/Cubes" instance=ExtResource("4_oluus")]
transform = Transform3D(0.933178, 0.207533, 0.293444, -0.19291, 0.978091, -0.0782635, -0.303257, 0.0164254, 0.952767, -1.60423, -2.57417, -9.43651)

[node name="cube18" parent="Static/Cubes" instance=ExtResource("4_oluus")]
transform = Transform3D(0.996177, -0.0870222, 0.00760795, 0.0873321, 0.994093, -0.0644287, -0.00195627, 0.0648468, 0.997893, 1.00235, -2.22985, -11.036)

[node name="cube19" parent="Static/Cubes" instance=ExtResource("4_oluus")]
transform = Transform3D(0.99899, 0.044905, -0.00155777, -0.0448974, 0.996258, -0.0738523, -0.00176437, 0.0738476, 0.997268, -1.54831, -2.22985, -12.3676)

[node name="cube20" parent="Static/Cubes" instance=ExtResource("4_oluus")]
transform = Transform3D(0.282821, 0.0251234, -0.958844, 0.109428, 0.992285, 0.0582764, 0.952911, -0.121406, 0.277889, -4.34261, -0.83721, -18.2085)

[node name="cube21" parent="Static/Cubes" instance=ExtResource("4_oluus")]
transform = Transform3D(0.827359, -0.435679, -0.354487, 0.306256, 0.878981, -0.365514, 0.470834, 0.193848, 0.860662, 4.08234, -0.837211, -10.2033)

[node name="cube22" parent="Static/Cubes" instance=ExtResource("4_oluus")]
transform = Transform3D(0.879545, -0.179367, -0.440712, 0.187979, 0.981869, -0.0244573, 0.437109, -0.0613335, 0.897315, -4.45564, 0.218495, -12.7753)

[node name="cube5" parent="Static/Cubes" instance=ExtResource("4_oluus")]
transform = Transform3D(0.957097, 0, -0.289767, 0, 1, 0, 0.289767, 0, 0.957097, -0.456377, -2, -7.8502)

[node name="cube6" parent="Static/Cubes" instance=ExtResource("4_oluus")]
transform = Transform3D(0.997864, -0.0213814, -0.0617259, 0.0186948, 0.998867, -0.0437788, 0.062592, 0.0425313, 0.997133, 0.432488, -2.01788, -9.48817)

[node name="cube7" parent="Static/Cubes" instance=ExtResource("4_oluus")]
transform = Transform3D(0.763089, 0.00802274, -0.646243, -0.00477224, 0.999966, 0.00677889, 0.646276, -0.00208887, 0.763101, -0.393267, -2, -11.178)

[node name="cube8" parent="Static/Cubes" instance=ExtResource("4_oluus")]
transform = Transform3D(0.876702, 0.0194393, -0.480641, -0.0146118, 0.999798, 0.0137839, 0.480812, -0.00506138, 0.876809, 0.279373, -2.0323, -12.8323)

[node name="cube9" parent="Static/Cubes" instance=ExtResource("4_oluus")]
transform = Transform3D(0.785738, 0, -0.618559, 0, 1, 0, 0.618559, 0, 0.785738, -1.02832, -2.03625, -2.58317)

[node name="cube24" parent="Static/Cubes" instance=ExtResource("4_oluus")]
transform = Transform3D(-0.914917, 0.00524035, 0.403609, 0.00563334, 0.999984, -0.000213653, -0.403604, 0.00207819, -0.914932, -7.11457, -2, -0.689003)

[node name="cube25" parent="Static/Cubes" instance=ExtResource("4_oluus")]
transform = Transform3D(-0.981205, -0.192674, 0.0106243, -0.19291, 0.97809, -0.0782635, 0.00468773, -0.0788418, -0.996876, -5.90734, -2.57417, 1.36577)

[node name="cube26" parent="Static/Cubes" instance=ExtResource("4_oluus")]
transform = Transform3D(-0.999707, 0.0217372, 0.0105979, 0.0224987, 0.996698, 0.0780173, -0.00886667, 0.078233, -0.996896, -10.1996, -0.459321, -2.63883)

[node name="cube27" parent="Static/Cubes" instance=ExtResource("4_oluus")]
transform = Transform3D(-0.918301, 0.0631811, 0.390809, 0.0861926, 0.99541, 0.0416054, -0.386385, 0.0718911, -0.919531, -20.1276, -2.68644, 0.824973)

[node name="cube28" parent="Static/Cubes" instance=ExtResource("4_oluus")]
transform = Transform3D(-0.679206, 0.0075595, 0.733909, -0.00885688, 0.99979, -0.0184948, -0.733894, -0.019062, -0.678996, -8.59946, -2, 3.70204)

[node name="cube29" parent="Static/Cubes" instance=ExtResource("4_oluus")]
transform = Transform3D(-0.949461, 0.102636, 0.296627, 0.0873321, 0.994093, -0.0644287, -0.301488, -0.0352675, -0.952818, -10.7142, -2.22985, 1.92673)

[node name="cube30" parent="Static/Cubes" instance=ExtResource("4_oluus")]
transform = Transform3D(-0.952083, -0.0202846, 0.305167, -0.0448974, 0.996258, -0.0738523, -0.302528, -0.0840148, -0.949431, -6.70109, -2.03329, 3.43824)

[node name="cube47" parent="Static/Cubes" instance=ExtResource("4_oluus")]
transform = Transform3D(-0.746382, -0.0825898, -0.660374, -0.0448974, 0.996258, -0.0738523, 0.664002, -0.025473, -0.747297, -12.3364, -2.03329, 5.43513)

[node name="cube31" parent="Static/Cubes" instance=ExtResource("4_oluus")]
transform = Transform3D(-0.811168, -0.0585549, 0.581873, -0.045671, 0.998279, 0.0367903, -0.583026, 0.00326836, -0.812446, -10.1235, -2.11626, 3.5043)

[node name="cube32" parent="Static/Cubes" instance=ExtResource("4_oluus")]
transform = Transform3D(-0.805308, 0.111754, 0.582229, 0.0553937, 0.991961, -0.113782, -0.590264, -0.0593781, -0.805023, -12.3139, -2.11827, 3.12491)

[node name="cube33" parent="Static/Cubes" instance=ExtResource("4_oluus")]
transform = Transform3D(-0.668698, 0.0301113, 0.742924, 0.109428, 0.992285, 0.0582764, -0.735438, 0.120266, -0.666833, -17.2792, -2.03215, 13.5932)

[node name="cube34" parent="Static/Cubes" instance=ExtResource("4_oluus")]
transform = Transform3D(-0.682051, 0.294381, 0.669437, 0.0716331, 0.937892, -0.339451, -0.727787, -0.183569, -0.660778, -5.37684, -0.83721, 5.15741)

[node name="cube35" parent="Static/Cubes" instance=ExtResource("4_oluus")]
transform = Transform3D(-0.701087, -0.171575, 0.692127, -0.209647, 0.97732, 0.0299118, -0.681562, -0.124132, -0.721155, -15.5973, 0.218496, 2.56552)

[node name="cube36" parent="Static/Cubes" instance=ExtResource("4_oluus")]
transform = Transform3D(-0.845242, -0.125138, 0.519525, -0.19291, 0.978091, -0.0782635, -0.498349, -0.166374, -0.850863, -18.5505, -2.57417, 14.111)

[node name="cube37" parent="Static/Cubes" instance=ExtResource("4_oluus")]
transform = Transform3D(-0.661214, 0.10622, 0.742639, 0.0873321, 0.994093, -0.0644287, -0.745096, 0.0222552, -0.666585, -21.4752, -2.22985, 13.2173)

[node name="cube38" parent="Static/Cubes" instance=ExtResource("4_oluus")]
transform = Transform3D(-0.662933, 0.0255911, 0.748241, -0.0448974, 0.996258, -0.0738523, -0.747331, -0.0825532, -0.659304, -19.9023, -1.89247, 16.3035)

[node name="cube61" parent="Static/Cubes" instance=ExtResource("4_oluus")]
transform = Transform3D(-0.897086, -0.411489, 0.16098, -0.434225, 0.888421, -0.148848, -0.0817681, -0.203431, -0.975669, -23.8184, -0.928105, 15.1797)

[node name="cube39" parent="Static/Cubes" instance=ExtResource("4_oluus")]
transform = Transform3D(0.526668, -0.107603, 0.843233, 0.109428, 0.992285, 0.0582764, -0.842999, 0.0615809, 0.53438, -10.233, -0.83721, 9.88702)

[node name="cube40" parent="Static/Cubes" instance=ExtResource("4_oluus")]
transform = Transform3D(-0.195168, 0.433783, 0.879626, 0.306256, 0.878981, -0.365514, -0.931728, 0.198054, -0.304398, -22.8911, -0.837211, 10.3581)

[node name="cube41" parent="Static/Cubes" instance=ExtResource("4_oluus")]
transform = Transform3D(-0.254998, 0.0728367, 0.964194, 0.187979, 0.981869, -0.0244573, -0.948493, 0.175012, -0.264068, -17.3237, 0.218495, 17.1492)

[node name="cube48" parent="Static/Cubes" instance=ExtResource("4_oluus")]
transform = Transform3D(-0.873795, 0.0680821, 0.481508, 0.109428, 0.992285, 0.0582764, -0.473825, 0.103612, -0.874503, -13.1722, -0.83721, -17.8453)

[node name="cube49" parent="Static/Cubes" instance=ExtResource("4_oluus")]
transform = Transform3D(0.922552, -0.0955104, 0.373864, 0.0861926, 0.99541, 0.0416054, -0.376122, -0.00615889, 0.92655, -9.96654, -2.68644, -10.838)

[node name="cube50" parent="Static/Cubes" instance=ExtResource("4_oluus")]
transform = Transform3D(0.22368, 0.0325425, -0.97412, 0.109428, 0.992285, 0.0582764, 0.968501, -0.119631, 0.218393, -20.0388, -0.83721, -3.6575)

[node name="cube51" parent="Static/Cubes" instance=ExtResource("4_oluus")]
transform = Transform3D(0.850997, -0.175255, -0.495064, 0.187979, 0.981869, -0.0244573, 0.490375, -0.0722487, 0.868512, -20.1601, 0.218495, -13.8065)

[node name="cube52" parent="Static/Cubes" instance=ExtResource("4_oluus")]
transform = Transform3D(0.594568, 0.0600529, 0.8018, -0.413865, 0.877817, 0.241151, -0.689353, -0.475217, 0.546776, -21.4347, 0.424042, 4.41286)

[node name="cube53" parent="Static/Cubes" instance=ExtResource("4_oluus")]
transform = Transform3D(0.262771, 0.188963, -0.946174, 0.539621, 0.784148, 0.306467, 0.79985, -0.591106, 0.104082, -29.0101, 1.12782, 6.62982)

[node name="cube54" parent="Static/Cubes" instance=ExtResource("4_oluus")]
transform = Transform3D(-0.556813, 0.261507, -0.7884, 0.652637, 0.724878, -0.220493, 0.513833, -0.637312, -0.57429, -24.2943, -2.13783, -2.76461)

[node name="cube55" parent="Static/Cubes" instance=ExtResource("4_oluus")]
transform = Transform3D(-0.277496, -0.806706, 0.521749, -0.735189, 0.52791, 0.425218, -0.618463, -0.265587, -0.739573, -0.276756, 4.31166, 11.4997)

[node name="cube56" parent="Static/Cubes" instance=ExtResource("4_oluus")]
transform = Transform3D(0.4894, -0.836161, -0.247636, 0.843316, 0.381482, 0.378536, -0.222049, -0.394091, 0.891845, -0.25156, 6.49536, 19.1174)

[node name="cube57" parent="Static/Cubes" instance=ExtResource("4_oluus")]
transform = Transform3D(0.0226773, -0.833323, -0.552321, 0.854809, 0.302659, -0.421543, 0.518448, -0.46257, 0.719196, -5.83722, -1.23903, 13.6275)

[node name="cube58" parent="Static/Cubes" instance=ExtResource("4_oluus")]
transform = Transform3D(0.153685, -0.147638, 0.977029, -0.201185, 0.963388, 0.177223, -0.967424, -0.2238, 0.118356, 14.0364, 1.98796, -1.7933)

[node name="cube59" parent="Static/Cubes" instance=ExtResource("4_oluus")]
transform = Transform3D(0.649086, -0.0977516, -0.75441, 0.367697, 0.908482, 0.198648, 0.665948, -0.406334, 0.625625, 8.61172, 1.57057, 3.96833)

[node name="cube60" parent="Static/Cubes" instance=ExtResource("4_oluus")]
transform = Transform3D(-0.198353, -0.0604798, -0.978264, 0.475234, 0.866987, -0.149958, 0.857211, -0.494649, -0.143226, 7.87415, 0.863976, -6.99139)

[node name="cube42" parent="Static/Cubes" instance=ExtResource("4_oluus")]
transform = Transform3D(-0.416757, 0, 0.909018, 0, 1, 0, -0.909018, 0, -0.416757, -18.1221, -2.0126, 12.2003)

[node name="cube43" parent="Static/Cubes" instance=ExtResource("4_oluus")]
transform = Transform3D(-0.613968, 0.0460273, 0.787988, 0.0186948, 0.998867, -0.0437788, -0.789109, -0.0121475, -0.614133, -19.938, -2.01788, 12.6192)

[node name="cube44" parent="Static/Cubes" instance=ExtResource("4_oluus")]
transform = Transform3D(-0.0211522, -0.0068784, 0.999752, -0.00477224, 0.999966, 0.00677889, -0.999765, -0.00462767, -0.0211849, -20.6573, -2, 14.357)

[node name="cube45" parent="Static/Cubes" instance=ExtResource("4_oluus")]
transform = Transform3D(-0.220371, -0.0166665, 0.975274, -0.0146118, 0.999798, 0.0137839, -0.975307, -0.011213, -0.22057, -21.9971, -2.0323, 16.0183)

[node name="cube46" parent="Static/Cubes" instance=ExtResource("4_oluus")]
transform = Transform3D(-0.933029, 0, 0.359801, 0, 1, 0, -0.359801, 0, -0.933029, -22.7269, -2, 17.8315)

[connection signal="decision" from="QuickDecision" to="First" method="set_next"]
