[gd_scene load_steps=15 format=3 uid="uid://dd2xqlggp1aj6"]

[ext_resource type="Script" path="res://src/dreams/chunk.gd" id="1_kntco"]
[ext_resource type="PackedScene" uid="uid://5b8m2u3j6jsc" path="res://src/dreams/modules/example_path.tscn" id="2_oe2ke"]
[ext_resource type="PackedScene" uid="uid://b7p62x02axg20" path="res://src/dreams/modules/example_path_2.tscn" id="3_n4lcw"]
[ext_resource type="Script" path="res://src/quicktimes/quick_decision.gd" id="4_xvjm8"]
[ext_resource type="Texture2D" uid="uid://bdtnu1yibsbmk" path="res://src/quicktimes/images/direction_w.png" id="5_3uf5n"]
[ext_resource type="Script" path="res://src/quicktimes/action.gd" id="6_o47sm"]
[ext_resource type="Texture2D" uid="uid://cwoocojkf5b8p" path="res://src/quicktimes/images/direction_e.png" id="7_eer4u"]

[sub_resource type="InputEventMouseMotion" id="InputEventMouseMotion_51aj2"]
relative = Vector2(-5, 0)

[sub_resource type="Resource" id="Resource_1srtc"]
script = ExtResource("6_o47sm")
mode = 0
increase = 6.0
decrease = 1.0
direction = 3
indicator = ExtResource("5_3uf5n")
event = SubResource("InputEventMouseMotion_51aj2")

[sub_resource type="InputEventMouseMotion" id="InputEventMouseMotion_mdrwe"]
relative = Vector2(5, 0)

[sub_resource type="Resource" id="Resource_2abr7"]
script = ExtResource("6_o47sm")
mode = 0
increase = 6.0
decrease = 1.0
direction = 1
indicator = ExtResource("7_eer4u")
event = SubResource("InputEventMouseMotion_mdrwe")

[sub_resource type="SphereShape3D" id="SphereShape3D_3dggl"]

[sub_resource type="BoxMesh" id="BoxMesh_xnbb6"]
size = Vector3(0.2, 0.2, 2.5)

[sub_resource type="SphereMesh" id="SphereMesh_le5t0"]

[node name="Right" type="Node3D" node_paths=PackedStringArray("first_module", "exit_front", "exit_right")]
script = ExtResource("1_kntco")
first_module = NodePath("Example Path")
exit_front = NodePath("Example Forward")
exit_right = NodePath("Example Right")

[node name="Example Path" parent="." instance=ExtResource("2_oe2ke")]
next_module = NodePath("../Example Forward")

[node name="Example Forward" parent="." instance=ExtResource("2_oe2ke")]
transform = Transform3D(1, 0, 0, 0, 1, 0, 0, 0, 1, -3, 0, -10)

[node name="Example Right" parent="." instance=ExtResource("3_n4lcw")]
transform = Transform3D(1, 0, 0, 0, 1, 0, 0, 0, 1, -3, 0, -10)

[node name="QuickDecision" type="Area3D" parent="." node_paths=PackedStringArray("payload_a", "payload_b")]
transform = Transform3D(1, 0, 0, 0, 1, 0, 0, 0, 1, -3, 1, -10)
script = ExtResource("4_xvjm8")
action_a = SubResource("Resource_1srtc")
action_b = SubResource("Resource_2abr7")
payload_a = NodePath("../Example Forward")
payload_b = NodePath("../Example Right")

[node name="CollisionShape3D" type="CollisionShape3D" parent="QuickDecision"]
transform = Transform3D(1, 0, 0, 0, 1, 0, 0, 0, 1, 2.50336, -1, 6.78457)
shape = SubResource("SphereShape3D_3dggl")

[node name="MeshInstance3D" type="MeshInstance3D" parent="."]
transform = Transform3D(0.983876, 0, 0.178854, 0, 1, 0, -0.178854, 0, 0.983876, -0.314727, 0, -2.41495)
mesh = SubResource("BoxMesh_xnbb6")

[node name="MeshInstance3D8" type="MeshInstance3D" parent="."]
transform = Transform3D(0.829622, 0, 0.558325, 0, 1, 0, -0.558325, 0, 0.829622, -1.69472, 0, -5.32375)
mesh = SubResource("BoxMesh_xnbb6")

[node name="MeshInstance3D9" type="MeshInstance3D" parent="."]
transform = Transform3D(0.994697, 0, 0.102845, 0, 1, 0, -0.102845, 0, 0.994697, -2.89898, 9.53674e-07, -8.4958)
mesh = SubResource("BoxMesh_xnbb6")

[node name="MeshInstance3D3" type="MeshInstance3D" parent="."]
transform = Transform3D(0.97967, 0, 0.200617, 0, 1, 0, -0.200617, 0, 0.97967, -3.39162, 1.90735e-06, -12.2854)
mesh = SubResource("BoxMesh_xnbb6")

[node name="MeshInstance3D10" type="MeshInstance3D" parent="."]
transform = Transform3D(0.822402, 0, 0.568907, 0, 1, 0, -0.568907, 0, 0.822402, -4.59546, 1.90735e-06, -15.1341)
mesh = SubResource("BoxMesh_xnbb6")

[node name="MeshInstance3D4" type="MeshInstance3D" parent="."]
transform = Transform3D(0.98829, 0, 0.152589, 0, 1, 0, -0.152589, 0, 0.98829, -5.90651, 2.86102e-06, -18.0228)
mesh = SubResource("BoxMesh_xnbb6")

[node name="MeshInstance3D5" type="MeshInstance3D" parent="."]
transform = Transform3D(0.973395, 0, -0.229132, 0, 1, 0, 0.229132, 0, 0.973395, -2.59676, 2.86102e-06, -12.3006)
mesh = SubResource("BoxMesh_xnbb6")

[node name="MeshInstance3D6" type="MeshInstance3D" parent="."]
transform = Transform3D(0.63054, 0, -0.776157, 0, 1, 0, 0.776157, 0, 0.63054, -1.13669, 9.53674e-07, -14.7429)
mesh = SubResource("BoxMesh_xnbb6")

[node name="MeshInstance3D11" type="MeshInstance3D" parent="."]
transform = Transform3D(0.152727, 0, -0.988269, 0, 1, 0, 0.988269, 0, 0.152727, 1.37823, 9.53674e-07, -15.8442)
mesh = SubResource("BoxMesh_xnbb6")

[node name="MeshInstance3D7" type="MeshInstance3D" parent="."]
mesh = SubResource("SphereMesh_le5t0")

[connection signal="decision" from="QuickDecision" to="Example Path" method="set_next"]
