[gd_scene load_steps=6 format=3 uid="uid://mdp8ersk42oc"]

[ext_resource type="Script" path="res://src/dreams/chunk_start.gd" id="1_nspwv"]
[ext_resource type="PackedScene" uid="uid://bgef3c5ejwshk" path="res://src/dreams/shared_modules/office_end.tscn" id="2_3268r"]
[ext_resource type="Script" path="res://src/dreams/module_path.gd" id="3_2xoej"]
[ext_resource type="PackedScene" uid="uid://5nnskix6m38f" path="res://src/dreams/procedural/blender/cube.glb" id="4_saqnc"]

[sub_resource type="Curve3D" id="Curve3D_8ntaq"]
_data = {
"points": PackedVector3Array(0, 0, 6, 0, 0, -6, 0, 0, 0, 0, 0, 6, 0, 0, -6, 4, 0, -12),
"tilts": PackedFloat32Array(0, 0)
}
point_count = 2

[node name="Office to Blender" type="Node3D" node_paths=PackedStringArray("first_module", "exit_front")]
script = ExtResource("1_nspwv")
themes = Array[String](["blender"])
first_module = NodePath("Office End")
exit_front = NodePath("ModulePath")

[node name="Office End" parent="." instance=ExtResource("2_3268r")]
next_module = NodePath("../ModulePath")

[node name="ModulePath" type="Node3D" parent="."]
transform = Transform3D(1, 0, 0, 0, 1, 0, 0, 0, 1, 0, 0, -20)
script = ExtResource("3_2xoej")

[node name="Path3D" type="Path3D" parent="ModulePath"]
curve = SubResource("Curve3D_8ntaq")

[node name="Cubes" type="Node3D" parent="."]

[node name="cube" parent="Cubes" instance=ExtResource("4_saqnc")]
transform = Transform3D(0.999266, -0.00563738, -0.0378989, 0.00563333, 0.999984, -0.000213654, 0.0378995, 0, 0.999282, -0.10902, -2, -17)

[node name="cube14" parent="Cubes" instance=ExtResource("4_saqnc")]
transform = Transform3D(0.910372, 0.208169, 0.357616, -0.19291, 0.97809, -0.0782635, -0.366073, 0.00226107, 0.930584, -1.98871, -2.57417, -18.465)

[node name="cube23" parent="Cubes" instance=ExtResource("4_saqnc")]
transform = Transform3D(0.910372, 0.208169, 0.357616, -0.19291, 0.97809, -0.0782635, -0.366073, 0.00226107, 0.930584, 3.47749, -0.459322, -16.3248)

[node name="cube2" parent="Cubes" instance=ExtResource("4_saqnc")]
transform = Transform3D(0.977599, -0.0925516, 0.189037, 0.0861926, 0.995409, 0.0416054, -0.19202, -0.0243798, 0.981088, 0.335987, -2.03156, -18.8097)

[node name="cube3" parent="Cubes" instance=ExtResource("4_saqnc")]
transform = Transform3D(0.901915, 0, -0.431913, -0.00885688, 0.99979, -0.0184948, 0.431822, 0.0205062, 0.901726, 0.00964898, -2, -20.471)

[node name="cube15" parent="Cubes" instance=ExtResource("4_saqnc")]
transform = Transform3D(0.993734, -0.0824064, 0.0755144, 0.0873322, 0.994093, -0.0644287, -0.069759, 0.0706198, 0.995061, 1.43165, -2.22985, -20.3016)

[node name="cube16" parent="Cubes" instance=ExtResource("4_saqnc")]
transform = Transform3D(0.996553, 0.0498275, 0.0663274, -0.0448974, 0.996258, -0.0738523, -0.069759, 0.0706198, 0.995061, -1.20373, -2.22985, -21.4565)

[node name="cube4" parent="Cubes" instance=ExtResource("4_saqnc")]
transform = Transform3D(0.968968, 0.0532261, -0.241389, -0.045671, 0.998279, 0.0367903, 0.242932, -0.0246241, 0.969731, 0.241351, -2.03215, -22.2418)

[node name="cube10" parent="Cubes" instance=ExtResource("4_saqnc")]
transform = Transform3D(0.965347, -0.0921167, -0.244173, 0.109428, 0.992285, 0.0582764, 0.236921, -0.0829762, 0.967979, 2.15831, -1.67147, -22.2418)

[node name="cube11" parent="Cubes" instance=ExtResource("4_saqnc")]
transform = Transform3D(0.965347, -0.0921167, -0.244173, 0.109428, 0.992285, 0.0582764, 0.236921, -0.0829762, 0.967979, -1.27263, -0.837211, -24.7923)

[node name="cube12" parent="Cubes" instance=ExtResource("4_saqnc")]
transform = Transform3D(0.857489, -0.421474, -0.295082, 0.306256, 0.878981, -0.365514, 0.413426, 0.223054, 0.882794, -3.23215, -0.837211, -21.014)

[node name="cube13" parent="Cubes" instance=ExtResource("4_saqnc")]
transform = Transform3D(0.907258, -0.183126, -0.378612, 0.187979, 0.981869, -0.0244573, 0.376226, -0.0489822, 0.925232, 5.07985, 0.218495, -21.3366)

[node name="cube17" parent="Cubes" instance=ExtResource("4_saqnc")]
transform = Transform3D(0.97948, 0.196698, 0.0439092, -0.19291, 0.97809, -0.0782635, -0.0583415, 0.068187, 0.995965, -0.50686, -2.57417, -25.9315)

[node name="cube18" parent="Cubes" instance=ExtResource("4_saqnc")]
transform = Transform3D(0.964529, -0.100554, -0.244075, 0.0873322, 0.994093, -0.0644287, 0.249112, 0.0408278, 0.967614, 3.31947, -2.22985, -26.5881)

[node name="cube19" parent="Cubes" instance=ExtResource("4_saqnc")]
transform = Transform3D(0.967203, 0.024849, -0.252787, -0.0448974, 0.996258, -0.0738523, 0.250006, 0.0827796, 0.964699, 1.18663, -2.22985, -28.5194)

[node name="cube20" parent="Cubes" instance=ExtResource("4_saqnc")]
transform = Transform3D(0.0335925, 0.0549032, -0.997926, 0.109428, 0.992285, 0.0582764, 0.993427, -0.111158, 0.0273253, 8.39475, -0.837211, -30.1826)

[node name="cube21" parent="Cubes" instance=ExtResource("4_saqnc")]
transform = Transform3D(0.68203, -0.470465, -0.559909, 0.306256, 0.878981, -0.365514, 0.664111, 0.0778161, 0.743573, 6.09026, -0.837212, -25.0061)

[node name="cube22" parent="Cubes" instance=ExtResource("4_saqnc")]
transform = Transform3D(0.74103, -0.158126, -0.652588, 0.187979, 0.981869, -0.0244573, 0.644623, -0.104549, 0.757318, -1.52417, 0.218494, -29.6465)

[node name="cube24" parent="Cubes" instance=ExtResource("4_saqnc")]
transform = Transform3D(-0.688101, -0.191713, -0.69983, -0.19291, 0.97809, -0.0782635, 0.699501, 0.0811513, -0.710009, -4.64111, -0.459322, -15.4617)

[node name="cube25" parent="Cubes" instance=ExtResource("4_saqnc")]
transform = Transform3D(-0.979562, 0.117608, -0.163177, 0.109428, 0.992285, 0.0582764, 0.168772, 0.0392293, -0.984874, 3.0981, -0.837211, -9.59932)

[node name="cube26" parent="Cubes" instance=ExtResource("4_saqnc")]
transform = Transform3D(-0.951263, 0.297151, -0.0824575, 0.306256, 0.878981, -0.365514, -0.0361343, -0.372953, -0.927146, 3.3837, -0.837211, -13.8459)

[node name="cube27" parent="Cubes" instance=ExtResource("4_saqnc")]
transform = Transform3D(-0.98201, 0.187437, -0.0228588, 0.187979, 0.981869, -0.0244573, 0.0178603, -0.0283143, -0.999439, -4.10617, 0.218495, -10.2272)

[node name="cube28" parent="Cubes" instance=ExtResource("4_saqnc")]
transform = Transform3D(-0.890657, 0.400122, 0.215944, 0.306256, 0.878981, -0.365514, -0.336061, -0.259414, -0.90541, -3.56528, -0.837212, -6.45969)

[node name="cube29" parent="Cubes" instance=ExtResource("4_saqnc")]
transform = Transform3D(-0.936946, 0.186737, 0.295399, 0.187979, 0.981869, -0.0244573, -0.29461, 0.0326138, -0.955061, 5.26933, 0.218494, -5.25046)

[node name="cube5" parent="Cubes" instance=ExtResource("4_saqnc")]
transform = Transform3D(0.853205, 0, -0.521576, 0, 1, 0, 0.521576, 0, 0.853205, 0.204259, -2, -24.1071)

[node name="cube6" parent="Cubes" instance=ExtResource("4_saqnc")]
transform = Transform3D(0.949897, -0.0314081, -0.31098, 0.0186948, 0.998866, -0.0437788, 0.312002, 0.0357716, 0.949408, 1.47716, -2.01788, -25.4683)

[node name="cube7" parent="Cubes" instance=ExtResource("4_saqnc")]
transform = Transform3D(0.478963, 0.0082365, -0.877797, -0.00477224, 0.999966, 0.00677889, 0.877822, 0.000942217, 0.478987, 2.50669, -2, -27.0946)

[node name="cube8" parent="Cubes" instance=ExtResource("4_saqnc")]
transform = Transform3D(0.727267, 0.0200874, -0.686061, -0.0146118, 0.999798, 0.013784, 0.686199, 0, 0.727414, 3.59176, -2.0323, -28.7098)

[node name="cube9" parent="Cubes" instance=ExtResource("4_saqnc")]
transform = Transform3D(0.998815, 0, -0.0486754, 0, 1, 0, 0.0486754, 0, 0.998815, 4.11978, -2, -30.7925)
